outgroups <- c("AF012235_Cryptomys", "AY425884_Cryptomys", "AY425886_Cryptomys")
